[271.0400085449219, 129.489990234375, [39.430625915527344]]
[270.79998779296875, 133.43003845214844, [39.430625915527344]]
[237.6999969482422, 129.75, [39.430625915527344]]
[237.6999969482422, 133.239990234375, [39.430625915527344]]
[216.26998901367188, 129.75, [39.430625915527344]]
[216.26998901367188, 133.239990234375, [39.430625915527344]]
[191.3199920654297, 129.75, [39.430625915527344]]
[191.3199920654297, 133.24002075195312, [39.430625915527344]]
[157.1899871826172, 129.75, [39.430625915527344]]
[157.1899871826172, 133.24002075195312, [39.430625915527344]]
[338.97998046875, 301.2599792480469, [39.430625915527344]]
[128.94998168945312, 129.75, [39.430625915527344]]
[128.94998168945312, 133.24002075195312, [39.430625915527344]]
[119.46998596191406, 129.75, [39.430625915527344]]
[105.43998718261719, 133.24002075195312, [39.430625915527344]]
[92.11000061035156, 39.709999084472656, [39.430625915527344]]
[88.6199951171875, 26.559999465942383, [39.430625915527344]]
[92.11000061035156, 30.820009231567383, [39.430625915527344]]
[88.6199951171875, 15.279999732971191, [39.430625915527344]]
[92.11000061035156, 86.95999908447266, [39.430625915527344]]
[88.6199951171875, 72.6199951171875, [39.430625915527344]]
[335.489990234375, 298.80999755859375, [39.430625915527344]]
[92.1099853515625, 95.44999694824219, [39.430625915527344]]
[88.61998748779297, 95.44999694824219, [39.430625915527344]]
[92.1099853515625, 113.05999755859375, [39.430625915527344]]
[88.61998748779297, 103.37999725341797, [39.430625915527344]]
[92.1099853515625, 159.9499969482422, [39.430625915527344]]
[88.61998748779297, 145.83999633789062, [39.430625915527344]]
[92.1099853515625, 176.88999938964844, [39.430625915527344]]
[88.61998748779297, 169.84999084472656, [39.430625915527344]]
[-2.4200193881988525, 187.97000122070312, [39.430625915527344]]
[1.5599803924560547, 187.9700164794922, [39.430625915527344]]
[338.97998046875, 249.42999267578125, [39.430625915527344]]
[-2.4200096130371094, 149.8300018310547, [39.430625915527344]]
[1.5599901676177979, 149.83001708984375, [39.430625915527344]]
[-2.4200096130371094, 120.0199966430664, [39.430625915527344]]
[1.5599901676177979, 120.02001953125, [39.430625915527344]]
[-2.4200048446655273, 79.31999969482422, [39.430625915527344]]
[1.5599950551986694, 79.32001495361328, [39.430625915527344]]
[-2.4200048446655273, 48.70000076293945, [39.430625915527344]]
[1.5599950551986694, 48.70001983642578, [39.430625915527344]]
[-2.420001268386841, 17.779998779296875, [39.430625915527344]]
[1.55999755859375, 22.440019607543945, [39.430625915527344]]
[335.489990234375, 249.42999267578125, [39.430625915527344]]
[21.770000457763672, -1.9599987268447876, [39.430625915527344]]
[14.139999389648438, 2.0200109481811523, [39.430625915527344]]
[47.939998626708984, -1.9599950313568115, [39.430625915527344]]
[47.939998626708984, 2.020014524459839, [39.430625915527344]]
[72.5999984741211, -1.9599950313568115, [39.430625915527344]]
[62.12999725341797, 2.020014524459839, [39.430625915527344]]
[116.63999938964844, -1.95999014377594, [39.430625915527344]]
[110.02999877929688, 2.02001953125, [39.430625915527344]]
[137.7899932861328, -1.95999014377594, [39.430625915527344]]
[126.38999938964844, 2.02001953125, [39.430625915527344]]
[338.97998046875, 226.75, [39.430625915527344]]
[185.55999755859375, -1.9599803686141968, [39.430625915527344]]
[173.14999389648438, 2.02001953125, [39.430625915527344]]
[209.5800018310547, -1.9599803686141968, [39.430625915527344]]
[209.5800018310547, 2.02001953125, [39.430625915527344]]
[244.09999084472656, -1.9599803686141968, [39.430625915527344]]
[244.09999084472656, 2.02001953125, [39.430625915527344]]
[278.80999755859375, -1.9599803686141968, [39.430625915527344]]
[278.80999755859375, 2.02001953125, [39.430625915527344]]
[316.8500061035156, -1.9599803686141968, [39.430625915527344]]
[306.28997802734375, 2.02001953125, [39.430625915527344]]
[334.8299865722656, 217.0800018310547, [39.430625915527344]]
[363.0, -1.9599609375, [39.430625915527344]]
[356.79998779296875, 2.0200390815734863, [39.430625915527344]]
[378.17999267578125, -1.9599609375, [39.430625915527344]]
[378.17999267578125, 2.0200390815734863, [39.430625915527344]]
[396.4499816894531, 19.9200382232666, [39.430625915527344]]
[392.4700012207031, 19.9200382232666, [39.430625915527344]]
[395.9599914550781, 164.1699981689453, [39.430625915527344]]
[392.4700012207031, 164.1699981689453, [39.430625915527344]]
[395.9599914550781, 105.38999938964844, [39.430625915527344]]
[392.4700012207031, 105.38999938964844, [39.430625915527344]]
[395.9599914550781, 68.86003875732422, [39.430625915527344]]
[392.4700012207031, 68.86003875732422, [39.430625915527344]]
[395.9599914550781, 308.2099914550781, [39.430625915527344]]
[392.4700012207031, 308.2099914550781, [39.430625915527344]]
[395.9599914550781, 249.42999267578125, [39.430625915527344]]
[392.4700012207031, 249.42999267578125, [39.430625915527344]]
[395.9599914550781, 212.89999389648438, [39.430625915527344]]
[392.4700012207031, 212.89999389648438, [39.430625915527344]]
[1.5099804401397705, 308.2099914550781, [39.430625915527344]]
[-1.2800195217132568, 309.4599914550781, [39.430625915527344]]
[1.5099804401397705, 249.42999267578125, [39.430625915527344]]
[-1.980019450187683, 249.42999267578125, [39.430625915527344]]
[121.22996520996094, 195.00999450683594, [39.430625915527344]]
[105.22998809814453, 198.5, [39.430625915527344]]
[118.94999694824219, 55.84000015258789, [39.430625915527344]]
[111.56999969482422, 59.33001708984375, [39.430625915527344]]
[141.12998962402344, 55.84000015258789, [39.430625915527344]]
[125.9699935913086, 59.33001708984375, [39.430625915527344]]
[22.17997932434082, 326.9700012207031, [39.430625915527344]]
[22.17997932434082, 330.4599914550781, [39.430625915527344]]
[92.10997772216797, 308.2099914550781, [39.430625915527344]]
[46.14997863769531, 326.9700012207031, [39.430625915527344]]
[46.14997863769531, 330.4599914550781, [39.430625915527344]]
[65.3499755859375, 326.9700012207031, [39.430625915527344]]
[60.10997772216797, 330.4599914550781, [39.430625915527344]]
[381.3399963378906, 327.04998779296875, [39.430625915527344]]
[381.3399658203125, 330.53997802734375, [39.430625915527344]]
[366.53997802734375, 327.04998779296875, [39.430625915527344]]
[358.39996337890625, 330.53997802734375, [39.430625915527344]]
[320.8699645996094, 327.04998779296875, [39.430625915527344]]
[306.76995849609375, 330.53997802734375, [39.430625915527344]]
[88.61997985839844, 295.32000732421875, [39.430625915527344]]
[301.3399658203125, 327.04998779296875, [39.430625915527344]]
[301.3399658203125, 330.53997802734375, [39.430625915527344]]
[262.5999755859375, 327.04998779296875, [39.430625915527344]]
[262.5999755859375, 330.53997802734375, [39.430625915527344]]
[232.19998168945312, 326.9700012207031, [39.430625915527344]]
[232.19998168945312, 330.4599914550781, [39.430625915527344]]
[199.94998168945312, 326.9700012207031, [39.430625915527344]]
[199.94998168945312, 330.4599914550781, [39.430625915527344]]
[173.11997985839844, 326.9700012207031, [39.430625915527344]]
[173.11997985839844, 330.4599914550781, [39.430625915527344]]
[92.10997772216797, 249.42999267578125, [39.430625915527344]]
[124.73997497558594, 326.9700012207031, [39.430625915527344]]
[114.3499755859375, 330.4599914550781, [39.430625915527344]]
[142.91998291015625, 326.9700012207031, [39.430625915527344]]
[142.91998291015625, 330.4599914550781, [39.430625915527344]]
[142.91998291015625, 195.26998901367188, [39.430625915527344]]
[142.91998291015625, 198.75999450683594, [39.430625915527344]]
[178.7699737548828, 195.26998901367188, [39.430625915527344]]
[178.7699737548828, 198.75999450683594, [39.430625915527344]]
[217.50997924804688, 195.26998901367188, [39.430625915527344]]
[217.50997924804688, 198.75999450683594, [39.430625915527344]]
[88.61997985839844, 249.42999267578125, [39.430625915527344]]
[256.3499755859375, 195.5699920654297, [39.430625915527344]]
[256.3499755859375, 199.05999755859375, [39.430625915527344]]
[299.39996337890625, 195.5699920654297, [39.430625915527344]]
[299.39996337890625, 199.05999755859375, [39.430625915527344]]
[158.0800018310547, 27.18000030517578, [39.430625915527344]]
[153.75999450683594, 18.889999389648438, [39.430625915527344]]
[157.25, 39.709999084472656, [39.430625915527344]]
[153.75999450683594, 28.899999618530273, [39.430625915527344]]
[191.0800018310547, 55.84000015258789, [39.430625915527344]]
[172.2899932861328, 59.33001708984375, [39.430625915527344]]
[92.1099853515625, 227.22000122070312, [39.430625915527344]]
[202.5500030517578, 55.84000015258789, [39.430625915527344]]
[202.5500030517578, 59.33001708984375, [39.430625915527344]]
[234.26998901367188, 55.84001922607422, [39.430625915527344]]
[234.26998901367188, 59.33001708984375, [39.430625915527344]]
[272.2900085449219, 55.84000015258789, [39.430625915527344]]
[272.2900085449219, 59.33003616333008, [39.430625915527344]]
[299.3999938964844, 55.84000015258789, [39.430625915527344]]
[299.3999938964844, 59.33003616333008, [39.430625915527344]]
[299.3999938964844, 129.75, [39.430625915527344]]
[299.3999938964844, 133.2400360107422, [39.430625915527344]]
[88.61998748779297, 212.89999389648438, [39.430625915527344]]
